00000000000000000000000000000000000000000000000000000000000000000000000000000000000000000000000000000000000000000000000000000000000000000000000000000000000000000010000000000000000001000010000000000000000010100000000000000000000000000000000000000000000000000000000000000000000000000000000000010000000000000000000001000100
00000000000000000000000000000000000000000000000000000000000000000000000000000000000000000000000000000000000000000000000000000000000000000000000000000000000000000010000000000000000010010011111111111111111111000000000000000000000000000000000000000000000000000000000000000000000000000000000000010000000000000000000000101100
00000000000000000000000000000000000000000000000000000000000000000000000000000000000000000000000000000000000000000000000000000000000000000000000000000000000000001010000000000011111111111110000000000000000000000000000000000000000000000000000000000000000000000000000000000000000000000000000000010000000000000000000000011001
00000000000000000000000000000000000000000000000000000000000000000000000000000000000000000000000000000000000000000000000000000000000000000000000000000000000000001010111111111100000000000000000000000000000000000000000000000000000000000000000000000000000000000000000000000000000000000000000010100000000000000000000000110010
00000000000000000000000000000000000000000000000000000000000000000000000000000000000000000000000000000000000000000000000000000000000000000000000000000000000000001010100100000000000000000000000000000000000000000000000000000000000000000000000000000000000000000000000000000000000000000000000010100000000000000000000001100110
00000000000000000000000000000000000000000000000000000000000000000000000000000000000000000000000000000000000000000000000000000000000000000000000000000000000000001010100000000000000000000000000000000000000000000000000000000000000000000000000000000000000000000000000000000000000000000000000010100000000000000000000011001000
00000000000000000000000000000000000000000000000000000000000000000000000000000000000000000000000000000000000000000000000000000000000000000000000000000000000000001010110000000000000000000000000000000000000000000000000000000000000000000000000000000000000000000000000000000000000000000000000010100000000000000000000110010000
00000000000000000000000000000000000000000000000000000000000000000000000000000000000000000000000000000000000000000000000000000000000000000000000000000000000000001001011000000000000000000000000000000000000000000000000000000000000000000000000000000000000000000000000000000000000000000000000100100000000000000000001100100000
00000000000000000000000000000000000000000000000000000000000000000000000000000000000000000000000000000000000000000000000000000000000000000000000000000000000000001101001100000000000000000000000000000000000000000000000000000000000000000000000000000000000000000000000000000000000000000000000100100000000000000000010011000000
00000000000000000000000000000000000000000000000000000000000000000000000000000000000000000000000000000000000000000000000000000000000000000000000000000000000000000011100100000000000000000000000000000000000000000000000000000000000000000000000000000000000000000000000000000000000000000000000101000000000000000000010110000000
00000000000000000000000000000000000000000000000000000000000000000000000000000000000000000000000000000000000000000000000000000000000000000000000000000000000000000000100100000000000000000000000000000000000000000000000000000000000000000000000000000000000000000000000000000000000000000000000101000000000000000001000100000000
00000000000000000000000000000000000000000000000000000000000000000000000000000000000000000000000000000000000000000000000000000000000000000000000000000000000000000000000100000000000000000000000000000000000000000000000000000000000000000000000000000000000000000000000000000000000000000000001001000000000000000011111000000000
00000000000000000000000000000000000000000000000000000000000000000000000000000000000000000000000000000000000000000000000000000000000000000000000000000000000000000000000110000000000000000000000000000000000000000000000000000000000000000000000000000000000000000000000000000000000000000000001010000000000000001100010000000000
00000000000000000000000000000000000000000000000000000000000000000000000000000000000000000000000000000000000000000000000000000000000000000000000000000000000000000000000011000000000000000000000000000000000000000000000000000000000000000000000000000000000000000000000000000000000000000000001010000000000000001001100000000000
00000000000000000000000000000000000000000000000000000000000000000000000000000000000000000000000000000000000000000000000000000000000000000000000000000000010000000000000001110000000000000000000000000000000000000000000000000000000000000000000000000000000000000000000000000000000000000000011010000000000000010011000000000000
00000000000000000000000000000000000000000000000000000000000000000000000000000000000000000000000000000000000000000000000000000000000000000000000000000000011000000000000000011000000000000000000000000000000000000000000000000000000000000000000000000000000000000000000000000000000000000000010110000000000000110100000000000000
00000000000000000000000000000000000000000000000000000000000000000000000000000000000000000000000000000000000000000000000000000000000000000000000000000000001100000000000000001100000000000000000000000000000000000000000000000000000000000000000000000000000000000000000000000000000000000000110100000000000001000100000000000000
00000000000000000000000000000000000000000000000000000000000000000000000000000000000000000000000000000000000000000000000000000000000000000000000000000000000100000000000000000110000000000000000000000000000000000000000000000000000000000000000000000000000000000000000000000000000000000000100100000000000110011000000000000000
00000000000000000000000000000000000000000000000000000000000000000000000000000000000000000000000000000000000000000000000000000000000000000000000000000000000010000000000000000011100000000000000000000000000000000000000000000000000000000000000000000000000000000000000000000000000000000000101000000000001100110000000000000000
00000000000000000000000000000000000000000000000000000000000000000000000000000000000000000000000000000000000000000000000000000000000000000000000000000000000011110011000011000000110000000000000000000000000000000000000000000000000000000000000000000000000000000000000000000000000000000001001000000000011001000000000000000000
00000000000000000000000000000000000000000000000000000000000000000000000000000000000000000000000000000000000000000000000000000000000000000000000000000000000010011010000001110000001000000000000000000000000000000000000000000000000000000000000000000000000000000000000000000000000000000011010000000000100010000000000000000000
00000000000000000000000000000000000000000000000000000000000000000000000000000000000000000000000000000000000000000000000000000000000000000000000000000000000010001111100000011000000000000000000000000000000000000000000000000000000000000000000000000000000000000000000000000000000000000010010000000001000100000000000000000000
00000000000000000000000000000000000000000000000000000000000000000000000000000000000000000000000000000000000000000000000000000000000000000000000000000000000010001010000100001110000000000000000000000000000000000000000000000000000000000000000000000000000000000000000000000000000000000110100000000010011000000000000000000000
00000000000000000000000000000000000000000000000000000000000000000000000000000000000000000000000000000000000000000000000000000000000000000000000000000000000010001000000100000011000000000000000000000000000000000000000000000000000000000000000000000000000000000000000000000000000000000100100000001100110000000000000000000000
00000000000000000000000000000000000000000000000000000000000000000000000000000000000000000000000000000000000000000000000000000000000000000000000000000000000001001000000100000000100000000000000000000000000000000000000000000000000000000000000000000000000000000000000000000000000000001101000000011001100000000000000000000000
00000000000000000000000000000000000000000000000000000000000000000000000000000000000000000000000000000000000000000000000000000000000000000000000000000000000001001000000100000000011000000000000000000000000000000000000000000000000000000000000000000000000000000000000000000000000000001011000000110010000000000000000000000000
00000000000000000000000000000000000000000000000000000000000000000000000000000000000000000000000000000000000000000000000000000000000000000000000000000000000001001011101000000000000110000000000000000000000000000000000000000000000000000000000000000000000000000000000000000000000000010010000001100100000000000000000000000000
00000000000000000000000000000000000000000000000000000000000000000000000000000000000000000000000000000000000000000000000000000000000000000000000000000000000001010100001000000000000001110000000000000000000000000000000000000000000000000000000000000000000000000000000000000000000000110110000011001000000000000000000000000000
00000000000000000000000000000000000000000000000000000000000000000000000000000000000000000000000000000000000000000000000000000000000000000000000000000000000000100100001000000000000000011100000000000000000000000000000000000000000000000000000000000000000000000000000000000000000000100100000110010000000000000000000000000000
00000000000000000000000000000000000000000000000000000000000000000000000000000000000000000000000000000000000000000000000000000000000000000000000000000000000000100010101000000000000000000110000000000000000000000000000000000000000000000000000000000000000000000000000000000000000001001000001100100000000000000000000000000000
00000000000000000000000000000000000000000000000000000000000000000000000000000000000000000000000000000000000000000000000000000000000000000000000000000000000000100010011000000000000000000001110000000000000000000000000000000000000000000000000000000000000000000000000000000000000011010000011001000000000000000000000000000000
00000000000000000000000000000000000000000000000000000000000000000000000000000000000000000000000000000000000000000000000000000000000000000000000000000000000000100010000100000000000000000000011100000000000000000000000000000000000000000000000000000000000000000000000000000000000110010000100010000000000000000000000000000000
00000000000000000000000000000000000000000000000000000000000000000000000000000000000000000000000000000000000000000000000000000000000000000000000000000000000000100010000100000000000000000000000111000000000000000000000000000000000000000000000000000000000000000000000000000000001100100001001100000000000000000000000000000000
00000000000000000000000000000000000000000000000000000000000000000000000000000000000000000000000000000000000000000000000000000000000000000000000000000000000000010010000100000000000000000000000000110000000000000000000000000000000000000000000000000000000000000000000000000000011001000110011000000000000000000000000000000000
00000000000000000000000000000000000000000000000000000000000000000000000000000000000000000000000000000000000000000000000000000000000000000000000000000000000000010010000100000000000000000000000000011000000000000000000000000000000000000000000000000000000000000000000000000000100010001000110100000000000000000000000000000000
00000000000000000000000000000000000000000000000000000000000000000000000000000000000000000000000000000000000000000000000000000000000000000000000000000000000000010001000100000000000000000000000000001100000000000000000000000000000000000000000000000000000000000000000000000001001100010011000000000000000000000000000000000000
00000000000000000000000000000000000000000000000000000000000000000000000000000000000000000000000000000000000000000000000000000000000000000000000000000000000000010001001000000000000000000000000000000111100000000000000000000000000000000000000000000000000000000000000000000110011000100110000000000000000000000000000000000000
00000000000000000000000000000000000000000000000000000000000000000000000000000000000000000000000000000000000000000000000000000000000000000000000000000000000000010001001000000000000000000000000000000000110000000000000000000000000000000000000000000000000000000000000000001100110011001100000000000000000000000000000000000000
00000000000000000000000000000000000000000000000000000000000000000000000000000000000000000000000000000000000000000000000000000000000000000000000000000000000000010001001000000000000000000000000000000000011100000000000000000000000000000000000000000000000000000000000000110001000110011000000000000000000000000000000000000000
00000000000000000000000000000000000000000000000000000000000000000000000000000000000000000000000000000000000000000000000000000000000000000000000000000000000000001000100100000000000000000000000000000000000110000000000000000000000000000000000000000000000000000000000001100110001100110000000000000000000000000000000000000000
00000000000000000000000000000000000000000000000000000000000000000000000000000000000000000000000000000000000000000000000000000000000000000000000000000000000000001000101000000000000000000000000000000000000011000000000000000000000000000000000000000000000000000000001111001100110001000000000000000000000000000000000000000000
00000000000000000000000000000000000000000000000000000000000000000000000000000000000000000000000000000000000000000000000000000000000000000000000000000000000000001000101000000000000000000000000000000000000001100000000000000000000000000000000000000000000000000000111000101001100110000000000000000000000000000000000000000000
00000000000000000000000000000000000000000000000000000000000000000000000000000000000000000000000000000000000000000000000000000000000000000000000000000000000000001000001000000000000000000000000000000000000000110000000000000000000000000000000000000000000000000011100100001010001100000000000000000000000000000000000000000000
00000000000000000000000000000000000000000000000000000000000000000000000000000000000000000000000000000000000000000000000000000000000000000000000000000000000000010000000100000000000000000000000000000000000000011000000000000000000000000000000000000000000000011100000100001000110000000000000000000000000000000000000000000000
00000000000000000000000000000000000000000000000000000000000000000000000000000000000000000000000000000000000000000000000000000000000000000000000000000000000000010000000100000000000000000000000000000000000000001110000000000000000000000000000000000000000001110000000110000011100000000000000000000000000000000000000000000000
00000000000000000000000000000000000000000000000000000000000000000000000000000000000000000000000000000000000000000000000000000000000000000000000000000000000000010000000100000000000000000000000000000000000000000011000000000000000000000000000000000000000111000110110011001110000000000000000000000000000000000000000000000000
00000000000000000000000000000000000000000000000000000000000000000000000000000000000000000000000000000000000000000000000000000000000000000000000000000000000000010000000100000000000000000000000000000000000000000000000000000000000000000000000000000000111000110001001000011000000000000000000000000000000000000000000000000000
00000000000000000000000000000000000000000000000000000000000000000000000000000000000000000000000000000000000000000000000000000000000000000000000000000000000000010000001100000000000000000000000000000000000000000000000000000000000000000000000000000011100011000000000001100000000000000000000000000000000000000000000000000000
00000000000000000000000000000000000000000000000000000000000000000000000000000000000000000000000000000000000000000000000000000000000000000000000000000000000000010000000100000000000000000000000000000000000000000000000000000000000000000000000000001110001100000001000000000000000000000000000000000000000000000000000000000000
00000000000000000000000000000000000000000000000000000000000000000000000000000000000000000000000000000000000000000000000000000000000000000000000000000000000000010000000100000000000000000000000000000000000000000000000000000000000000000000000000111000011000010001000000000000000000000000000000000000000000000000000000000000
00000000000000000000000000000000000000000000000000000000000000000000000000000000000000000000000000000000000000000000000000000000000000000000000000000000000000100000000100000000000000000000000000000000000000000000000000000000000000000000000000100011100100100001000000000000000000000000000000000000000000000000000000000000
00000000000000000000000000000000000000000000000000000000000000000000000000000000000000000000000000000000000000000000000000000000000000000000000000000000000000100000000100000000000000000000000000000000000000000000000000000000000000000000111100111100000101101111000000000000000000000000000000000000000000000000000000000000
00000000000000000000000000000000000000000000000000000000000000000000000000000000000000000000000000000000000000000000000000000000000000000000000000000000000000100000000100000000000000000000000000000000000000000000000000000000000000000011000000000000000010110001000000000000000000000000000000000000000000000000000000000000
00000000000000000000000000000000000000000000000000000000000000000000000000000000000000000000000000000000000000000000000000000000000000000000000000000000000000100000000100000000000000000000000000000000000000000000000000000000000000000010011100000000000000000001000000001100000000000000000000000000000000000000000000000000
00000000000000000000000000000000000000000000000000000000000000000000000000000000000000000000000000000000000000000000000000000000000000000000000000000000000000010000000100000000000000000000000000000000000000000000000000000000000000000011100000000000000000011110000111110000000000000000000000000000000000000000000000000000
00000000000000000000000000000000000000000000000000000000000000000000000000000000000000000000000000000000000000000000000000000000000000000000000000000000000000010000000100000000000000000000000000000000000000000000000000000000000000000000000000000000000000000001111000000000000000000000000000000000000000000000000000000000
00000000000000000000000000000000000000000000000000000000000000000000000000000000000000000000000000000000000000000000000000000000000000000000000000000000000000011000000100000000000000000000000000000000000000000000000000000000000000000000000000000000000000000000000000000000000000000000000000000000000000000000000000000000
00000000000000000000000000000000000000000000000000000000000000000000000000000000000000000000000000000000000000000000000000000000000000000000000000000000000000010000000100000000000000000000000000000000000000000000000000000000000000000000000000000000000000000000000000000000000000000000000000000000000000000000000000000000
00000000000000000000000000000000000000000000000000000000000000000000000000000000000000000000000000000000000000000000000000000000000000000000000000000000000000010000001000000000000000000000000000000000000000000000000000000000000000000000000000000000000000000000000000000000000000000000000000000000000000000000000000000000
00000000000000000000000000000000000000000000000000000000000000000000000000000000000000000000000000000000000000000000000000000000000000000000000000000000000000010000001000000000000000000000000000000000000000000000000000000000000000000000000000000000000000000000000000000000000000000000000000000000000000000000000000000000
00000000000000000000000000000000000000000000000000000000000000000000000000000000000000000000000000000000000000000000000000000000000000000000000000000000000000010000000100000000000000000000000000000000000000000000000000000000000000000000000000000000000000000000000000000000000000000000000000000000000000000000000000000000
00000000000000000000000000000000000000000000000000000000000000000000000000000000000000000000000000000000000000000000000000000000000000000000000000000000000000010000001000000000000000000000000000000000000000000000000000000000000000000000000000000000000000000000000000000000000000000000000000000000000000000000000000000000
00000000000000000000000000000000000000000000000000000000000000000000000000000000000000000000000000000000000000000000000000000000000000000000000000000000000000010000000100000000000000000000000000000000000000000000000000000000000000000000000000000000000000000000000000000000000000000000000000000000000000000000000000000000
00000000000000000000000000000000000000000000000000000000000000000000000000000000000000000000000000000000000000000000000000000000000000000000000000000000000000010000000100000000000000000000000000000000000011111111110000000000000000000000000000000000000000000000000000000000000000000000000000000000000000000000000000000000
00000000000000000000000000000000000000000000000000000000000000000000000000000000000000000000000000000000000000000000000000000000000000000000000000000000000000100000000100000000000000000000000000111111111100000000001111000000000000000000000000000000000000000000000000000000000000000000000000000000000000000000000000000000
00000000000000000000000000000000000000000000000000000000000000000000000000000000000000000000000000000000000000000000000000000000000000000000000000000000000000100000000100000000000000000010111111000001000000000000000100100000000000000000000000000000000000000000000000000000000000000000000000000000000000000000000000000000
00000000000000000000000000000000000000000000000000000000000000000000000000000000000000000000000000000000000000000000000000000000000000000000000000000000000000100000000100000000000000000111000100000001000000000000000000010000001111100000000000000000000000000000000000000000000000000000000000000000000000000000000000000000
00000000000000000000000000000000000000000000000000000000000000000000000000000000000000000000000000000000000000000000000000000000000000000000000000000000000000100000000100000000000000001100001000000000000000000000000000111111110000110000000000000000000000000000000000000000000000000000000000000000000000000000000000000000
00000000000000000000000000000000000000000000000000000000000000000000000000000000000000000000000000000000000000000000000000000000000000000000000000000000000000100000000100000000000111111000110000000000000000000000000000000000000000011111000000000000000000000000000000000000000000000000000000000000000000000000000000000000
00000000000000000000000000000000000000000000000000000000000000000000000000000000000000000000000000000000000000000000000000000000000000000000000000000000000000010000000100000000001100000000000000000000110000000000000000000000000000000100000000000000000000000000000000000000000000000000000000000000000000000000000000000000
00000000000000000000000000000000000000000000000000000000000000000000000000000000000000000000000000000000000000000000000000000000000000000000000000000000000000100000000100000000010000000000000000111111001011100000000011111100000000000000000000000000000000000000000000000000000000000000000000000000000000000000000000000000
00000000000000000000000000000000000000000000000000000000000000000000000000000000000000000000000000000000000000000000000000000000000000000000000000000000000000010000000100000000010000000000001111000000101100011111101110000111110000001111111111000000000000000000000000000000000000000000000000000000000000000000000000000000
00000000000000000000000000000000000000000000000000000000000000000000000000000000000000000000000000000000000000000000000000000000000000000000000000000000000000010000000100000000010000000001110000010000010010000000011000000001001111110000000100100000000000000000000000000000000000000000000000000000000000000000000000000000
00000000000000000000000000000000000000000000000000000000000000000000000000000000000000000000000000000000000000000000000000000000000000000000000000000000000000010111100100000000100010001111000111100000000000000000000000000000010000000000000010110000000000000000000000000000000000000000000000000000000000000000000000110111
00000000000000000000000000000000000000000000000000000000000000000000000000000000000000000000000000000000000000000000000000000000000000000000000000000000000000011000000100000000100011110100011000000000000000000000000000000000110000000000000010010000000000000000000000000000000000000000000000000000000000000010111111001010
00000000000000000000000000000000000000000000000000000000000000000000000000000000000000000000000000000000000000000000000000000000000000000000000000000000000000000000000100000000100000000000001111111010000000000000000000000000000010000000000000010000000000000000000000000000000000000000000000000000000000000001000000100000
00000000000000000000000000000000000000000000000000000000000000000000000000000000000000000000000000000000000000000000000000000000000000000000000000000000000000000000001000000000100000000000000001000001000000000000000000000000000010000000000000011100000000000000000000000000000000000000000000000000000000001100000000100000
00000000000000000000000000000000000000000000000000000000000000000000000000000000000000000000000000000000000000000000000000000000000000000000000000000000000000000000000100000000100000000000000000001111000000000000000000000000000001000000000000000000000000000000000000000000000000000000000000000000000000000110100000100000
00000000000000000000000000000000000000000000000000000000000000000000000000000000000000000000000000000000000000000000000000000000000000000000000000000000000000000000000000000000010000001111111111111000000000000000000000000000000001000000000000000000000000000000000000000000000000000000000000000000000000000010100000000000
00000000000000000000000000000000000000000000000000000000000000000000000000000000000000000000000000000000000000000000000000000000000000000000000000000000000000000000000000000000011000011000000000000100000000000000000000000000011111111100001111110000000000000000000000000000000000000000000000000000000000000011000000000000
00000000000000000000000000000000000000000000000000000000000000000000000000000000000000000000000000000000000000000000000000000000000000000000000000000000000000000000000000000000001000000000000000000000000000000000000010011111100100000001111000001111100010000000000000000000000000000000000000000000000000000000100000000000
00000000000000000000000000000000000000000000000000000000000000000000000000000000000000000000000000000000000000000000000000000000000000000000000000000000000000000000000000000000000100010000000000000000000000000000000001110000000100000000100011110000011110000000000000000000000000000000000000000000000000000000000000000000
00000000000000000000000000000000000000000000000000000000000000000000000000000000000000000000000000000000000000000000000000000000000000000000000000000000000000000000000111101100000110010000000000000000000000000000000111000000000010000000100110000000000000000000000000000000000000000000000000000000000000000000000000000000
00000000000000000000000000000000000000000000000000000000000000000000000000000000000000000000000000000000000000000000000000000000000000000000000000000000000000000000011000100011000100111000000000000000000000000001111100000000000010000000110000000000000000000000000000000000000000000000000000000000000000000000000000000000
00000000000000000000000000000000000000000000000000000000000000000000000000000000000000000000000000000000000000000000000000000000000000000000000000000000000000000000110001000101100011100000000000000000000000000011000000000000000011000000011000000000001000000000000000000000000000000000000000000000000000000010000000000000
00000000000000000000000000000000000000000000000000000000000000000000000000000000000000000000000000000000000000000000000000000000000000000000000000000000000000000011100001101000001110000000000000000000000000001110000000000000000001000000001100000000110000000100000000000000000000000000000000000000000000000110000000000000
00000000000000000000000000000000000000000000000000000000000000000000000000000000000000000000000000000000000000000000000000000000000000000000000000000000000000001110000000010100011000000000000000000000000000111000000000000000000000000000000100001111101110001111000000000000000000000000000000000000000000001100000000000000
00000000000000000000000000000000000000000000000000000000000000000000000000000000000000000000000000000000000000000000000000000000000000000000000000000000000000011000000000000110110000000000000000000000011111000010111111100000000000000000000100000000000011110001111000000000000000000000000000000000000011011000000000000000
00000000000000000000000000000000000000000000000000000000000000000000000000000000000000000000000000000000000000000000000000000000000000000000000000000000000000010000000000000001100010000000000000000011100000000011100000100000000011111111000110000000110010000001000000000000000000000000000000000000000000010000000000000000
00000000000000000000000000000000000000000000000000000000000000000000000000000000000000000000000000000000000000000000000000000000000000000000000000000000000000110000000000000000011110000000000000000000000000000010000111100000000001000001101100000000100001111111000000000000000000000000000000000000000001100000000000000000
00000000000000000000000000000000000000000000000000000000000000000000000000000000000000000000000000000000000000000000000000000000000000000000000000000000000000100000000000000000000010000000000001100000000000000100111000000000000000000000011000000001000111000000000000000000000000000001111100000000011111000000000000000000
00000000000000000000000000000000000000000000000000000000000000000000000000000000000000000000000000000000000000000000000000000000000000000000000000000000000000100000000000000000000100000000001110100000000000011100000000000000000000000100000000000001001100000000000000000000001111111110000011111111110000000000000000000000
00000000000000000000000000000000000000000000000000000000000000000000000000000000000000000000000000000000000000000000000000000000000000000000000000000000000001100000000000000000001000000000110000100000000001110000000011100000000000000100000000000001011000000100000000000000010000000000000000000000000000000000000000000000
00000000000000000000000000000000000000000000000000000000000000000000000000000000000000000000000000000000000000000000000000000000000000000000000000000000000001000000000000000000001000010111000011100000000010000000011100000000000000000110000101110110110000011010000000000001110000000000000000000000000000000000000000000000
00000000000000000000000000000000000000000000000000000000000000000000000000000000000000000000000000000000000000000000000000000000000000000000000000000000001111000000000000000000000100011000001110000000000000110000000011110000000000000001111110001010100000010011000000000111000000000000000000000000000000000000000000000000
00000000000000000000000000000000000000000000000000000000000000000000000000000000000000000000000000000000000000000000000000000000000000000000000000000000011000111000000000000000000110100000111000000000000000010001001110000000000000000000000000000100010010110001100000111100000000000000000000000000000000000000000000000000
00000000000000000000000000000000000000000000000000000000000000000000000000000000000000000000000000000000000000000000000000000000000000000000000000000000010000001000000000000000000000000011100000000000000111111111110000000000000000000000000000010100000111000000111111000000000000000000000000000000000000000000000000000000
00000000000000000000000000000000000000000000000000000000000000000000000000000000000000000000000000000000000000000000000000000000000000000000000000000000000001110000000000000000000100000010011001111100000100000000000000000100000000000000000000011000011100000000000000000000000000000000000000000000000000000000000000000000
00000000000000000000000000000000000000000000000000000000000000000000000000000000000000000000000000000000000000000000000000000000000000000000000000000000000111000000000000000000111111111100000110000010000000000000001111111100000000000000000001110001110000000000000000000000000000000000000000000000000000000000000000000000
00000000000000000000000000000000000000000000000000000000000000000000000000000000000000000000000000000000000000000000000000000000000000000000000000000001111100000000000000000000100000000000000000011110000000000001110000000100000000000000000111000011000000000000000000000000000000000000000000000000000000000000000000000000
00000000000000000000000000000000000000000000000000000000000000000000000000000000000000000000000000000000000000000000000000000000000000000000000000000000000000000000000000000001100001100000000011100000001000000001000000111100000001000000111100000010000000000000000000000000000000000000000000000000000000000000000000000000
00000000000000000000000000000000000000000000000000000000000000000000000000000000000000000000000000000000000000000000000000000000000000000000000000000001100000000000000000000000101110100000011100000000011000000000011111000001111101000000100000010010000000000000000000000000000000000000000000000000000000000000000000000000
00000000000000000000000000000000000000000000000000000000000000000000000000000000000000000000000000000000000000000000000000000000000000000000000000000011000000000000000000000001110000011111110000111100110000000011100000001110000011000011000000101110000000000000000000000000000000000000000000000000000000000000000000000000
00000000000000000000000000000000000000000000000000000000000000000000000000000000000000000000000000000000000000000000000000000000000000000000000000001110000000000000010000000000000111110000000111100001100000000000000000000001111110000100010011000000000000000000000000000000000000000000000000000000000000000000000000000000
00000000000000000000000000000000000000000000000000000000000000000000000000000000000000000000000000000000000000000000000000000000000000000000000000001000000000000001110000000000011000010000000000001110000000000001000000100000000010000000011110000000000000000000000000000000000000000000000000000000000000000000000000000000
00000000000000000000000000000000000000000000000000000000000000000000000000000000000000000000000000000000000000000000000000000000000000000000000000011000000000000011000000000011110000101000000111110000110000000000111111011011000010000001110000000000000000000000000000000000000000000000000000000000000000000000000000000000
00000000000000000000000000000000000000000000000000000000000000000000000000000000000000000000000000000000000000000000000000000000000000000000000000110000000000001110000000000110000000100000011000000111010000000111000000000100001110000011000000000000000000000000000000000000000000000000000000000000000000000000000000000000
00000000000000000000000000000000000000000000000000000000000000000000000000000000000000000000000000000000000000000000000000000000000000000000000000100000000000111000000100000000000001100001100000011001011110001100000000110111110000001110000000000000000000000000000000000000000000000000000000000000000000000000000000000000
00000000000000000000000000000000000000000000000000000000000000000000000000000000000000000000000000000000000000000000000000000000000000000000000000100000000000100000011100000000000011000010000000000001000000100000000111001000000011111000000000000000000000000000000000000000000000000000000000000000000000000000000000000000
00000000000000000000000000000000000000000000000000000000000000000000000000000000000000000000000000000000000000000000000000000000000000000000000000100000000001110111100000000000000010000010000000111001000001000000011000000000111100100000000000000000000000000000000000000000000000000000000000000000000000000000000000000000
00000000000000000000000000000000000000000000000000000000000000000000000000000000000000000000000000000000000000000000000000000000000000000000000000100000000000001100000000000000000010000100001111010001110001111000110011100000000000111100000000000000000000000000000000000000000000000000000000000000000000000000000000000000
00000000000000000000000000000000000000000000000000000000000000000000000000000000000000000000000000000000000000000000000000000000000000000000000000100000000000111000000000000000000000000001110000000000000000000111010000111111100000000100000000000000000000000000000000000000000000000000000000000000000000000000000000000000
00000000000000000000000000000000000000000000000000000000000000000000000000000000000000000000000000000000000000000000000000000000000000000000000000010100000011100000000000000000000000000011000001111000001111110000011000000000000000111100000000000000000000000000000000000000000000000000000000000000000000000000000000000000
00000000000000000000000000000000000000000000000000000000000000000000000000000000000000000000000000000000000000000000000000000000000000000000000000100111111110010000000000000000000000001100011110000111110000000111110000000111111111000000000000000000000000000000000000000000000000000000000000000000000000000000000000000000
00000000000000000000000000000000000000000000000000000000000000000000000000000000000000000000000000000000000000000000000000000000000000000000000000100000000000010000000000000000000000000011100000000000000001111010010000000100100000000000000000000000000000000000000000000000000000000000000000000000000000000000000000000000
00000000000000000000000000000000000000000000000000000000000000000000000000000000000000000000000000000000000000000000000000000000000000000000000000100110000010011000000000000000000000001110000000000011110000000000010000000100111100000000000000000000000000000000000000000000000000000000000000000000000000000000000000000000
00000000000000000000000000000000000000000000000000000000000000000000000000000000000000000000000000000000000000000000000000000000000000000000000000100100000100001100000000000000000000011000000000111100000111000001110000011000000000000000000000000000000000000000000000000000000000000000000000000000000000000000000000000000
00000000000000000000000000000000000000000000000000000000000000000000000000000000000000000000000000000000000000000000000000000000000000000000000001000100001101000000000000000000011110110000000001100001111000000000000011110000001000000000000000000000000000000000000000000000000000000000000000000000000000000000000000000000
00000000000000000000000000000000000000000000000000000000000000000000000000000000000000000000000000000000000000000000000000000000000000000000000001000011111001111111000000000001110001000000000111000111000001111110011110010000001110000000000000000000000000000000000000000000000000000000000000000000000000000000000000000000
00000000000000000000000000000000000000000000000000000000000000000000000000000000000000000000000000000000000000000000000000000000000000000000000001011110000000000001000000000011000011000000001100001100011101001000101000000000111000000000000000000000000000000000000000000000000000000000000000000000000000000000000000000000
00000000000000000000000000000000000000000000000000000000000000000000000000000000000000000000000000000000000000000000000000000000000000000000000001000000000000000010100000000010000110000000111000011000101001111110101000000011100000000000000000000000000000000000000000000000000000000000000000000000000000000000000000000000
00000000000000000000000000000000000000000000000000000000000000000000000000000000000000000000000000000000000000000000000000000000000000000000000011000000000000000001100000000000000100001111100011110001101011000000101000000110000000000000000000000000000000000000000000000000000000000000000000000000000000000000000000000000
00000000000000000000000000000000000000000000000000000000000000000000000000000000000000000000000000000000000000000000000000000000000000000000000001000011000000000011000000000000111100010000001111000011000010000000000000011100000000000000000000000000000000000000000000000000000000000000000000000000000000000000000000000000
00000000000000000000000000000000000000000000000000000000000000000000000000000000000000000000000000000000000000000000000000000000000000000000000000011110000000000001000000000011000000110000011000000010001110000000000001110000000000000000000000000000000000000000000000000000000000000000000000000000000000000000000000000000
00000000000000000000000000000000000000000000000000000000000000000000000000000000000000000000000000000000000000000000000000000000000000000000000001110000000000000001000000001110000000101111010000000100011000000000000111000000000000000000000000000000000000000000000000000000000000000000000000000000000000000000000000000000
00000000000000000000000000000000000000000000000000000000000000000000000000000000000000000000000000000000000000000000000000000000000000000000000011000000000000000010000000011000000001100000011000000111110000000000000100000000000000000000000000000000000000000000000000000000000000000000001011100000000000000000000000000000
00000000000000000000000000000000000000000000000000000000000000000000000000000000000000000000000000000000000000000000000000000000000000000000000110000000000000000010000000110000000011000011000100000000010000000000000100000000000000000000000000000000000000000000000000000000111111111111111100011100000000000000000000000000
00000000000000000000000000000000000000000000000000000000000000000000000000000000000000000000000000000000000000000000000000000000000000000000001100000001110000100110000001000000000100000010001000100000100000000000000100000000000000000000000000000000000000000000000000000000000000000000000000000110000000000000000000000000
00000000000000000000000000000000000000000000000000000000000000000000000000000000000000000000000000000000000000000000000000000000000000000000010000001110001110011100000001000000000110111101011000011000000000000000000100000000000000000000000000000000000000000000000000000000000000000000000000000010000000000000000000000000
00000000000000000000000000000000000000000000000000000000000000000000000000000000000000000000000000000000000000000000000000000000000000000000010001111000000001000000000010000000000001000000010000000111111110000000001100000000000000000000000000000000000000000000000000000000000000000000001111110010000000000000000000000000
00000000000000000000000000000000000000000000000000000000000000000000000000000000000000000000000000000000000000000000000000000000000000000000010000100000000000000000000010000000000000000000010000000100000001000000111000000000000000000000000000000000000000000000000000000000000000000000000000011010000000000000000000000000
00000000000000000000000000000000000000000000000000000000000000000000000000000000000000000000000000000000000000000000000000000000000000000001101011000000000000000000000010000000000000111000110000000010001100000111000000000000000000000000000000000000000000000000000000000000000000000000000000100000000000000000000000000000
00000000000000000000000000000000000000000000000000000000000000000000000000000000000000000000000000000000000000000000000000000000000000000010000000000000000000000000000100000000000001000000100000000110110000011100000000000000000000000000000000000000000000000000000000000000000000000000000000000000000000000000000000000000
00000000000000000000000000000000000000000000000000000000000000000000000000000000000000000000000000000000000000000000000000000000000000000010000000000000000000000000000100000000000011111111000000001101000001100010000000000000000000000000000000000000000000000000000000000000000000000000000000000000000000000000000000000000
00000000000000000000000000000000000000000000000000000000000000000000000000000000000000000000000000000000000000000000000000000000000000000010000000000000000000000000000100000000000000000001100000001000111110000010000000000000000000000000000000000000000000000000000000000000000000000000000000000000000000000000000000000000
00000000000000000000000000000000000000000000000000000000000000000000000000000000000000000000000000000000000000000000000000000000000000000010000000000000000000000000000100000000000000000000111011111000000000000010000000000000000000000000000000000000000000000000000000000000000000111100001110000000000000000000000000000000
00000000000000000000000000000000000000000000000000000000000000000000000000000000000000000000000000000000000000000000000000000000000000000010000000000000000000000000000100000000000000000000000100000100000000000010000000000000000000000000000000000000000000000000000000000000000001100111111001100000000000000000000000000000
00000000000000000000000000000000000000000000000000000000000000000000000000000000000000000000000000000000000000000000000000000000000000000010000000000000011111110000000100000000000000000000000000000010000000000100000000000000000000000000000000000000000000000000000000000111111111000100001000100000000000000000000000000000
00000000000000000000000000000000000000000000000000000000000000000000000000000000000000000000000000000000000000000000000000000000000000000010000000000001110001011000000100000000111000000000000000000000000000000100000000000000000000000000000000000000000000000000000000001000000000001000001100000000000000000000000000000000
00000000000000000000000000000000000000000000000000000000000000000000000000000000000000000000000000000000000000000000000000000000000000000100000000000011000000001100000100000001100111000000000000000001000000001100000000000000000000000000000000000000000000000000000000000001111110010000000100000000000000000000000000000000
00000000000000000000000000000000000000000000000000000000000000000000000000000000000000000000000000000000000000000000000000000000000000000010000000000110000000000111000100000001000001000000000000000001000000011000000000000000000000000000000000000000000000000000000000000000000011101100000000000000000000000000000000000000
00000000000000000000000000000000000000000000000000000000000000000000000000000000000000000000000000000000000000000000000000000000000000000100000000000100000000000001001000000001000001000000000000000010000000110000000000000000000000000000000000000000000000000000000000000000000000000010000000000000000000000000000000000000
00000000000000000000000000000000000000000000000000000000000000000000000000000000000000000000000000000000000000000000000000000000000000000010000000000100000000000001111000000110001001000000000000000010001001100000000000000000000000000000000000000000000000000000000000000000000000000000000000000000000000000000101000000000
00000000000000000000000000000000000000000000000000000000000000000000000000000000000000000000000000000000000000000000000000000000000000000010000000001000000000000000100000000000001101000000000000000011110011000000000000000000000000000000000000000000000000000000000000000000000000000000000000000000000000000000101100000000
00000000000000000000000000000000000000000000000000000000000000000000000000000000000000000000000000000000000000000000000000000000000000000010000000000100000000000000101100000000011001000000000000000000100010000000000000000000000000000000000000000000000000000000000000000000000000000000000000000000000000000000110100000000
00000000000000000000000000000000000000000000000000000000000000000000000000000000000000000000000000000000000000000000000000000000000000000010000000000100000000000000101000000000110001000000000111110000100011000000000000000000000000000000000000000000000000000000000000000000000000000000000000000000000000000000110100000000
00000000000000000000000000000000000000000000000000000000000000000000000000000000000000000000000000000000000000000000000000000000000000000010000000001000000000000000110000000001100001000000000000001110000001000000000000000000000000000000000000000000000000000000000000000000000000000000000000000000000000000000010100000000
00000000000000000000000000000000000000000000000000000000000000000000000000000000000000000000000000000000000000000000000000000000000000000010000000001000000000000000000000000001000000100000000000001010000000100000000000000000000000000000000000000000000000000000000000000000000000000000000000000000000000000000010100000000
00000000000000000000000000000000000000000000000000000000000000000000000000000000000000000000000000000000000000000000000000000000000000000010000000001000000000000000000000000011000000100000000011111010000000100000000000000000000000000000000000000000000000000000000000000000000000000000000000000000000000000000010100000000
00000000000000000000000000000000000000000000000000000000000000000000000000000000000000000000000000000000000000000000000000000000000000000001000000000100000000000000000000000010000000010000011110000010000000100000000000000000000000000000000000000000000000000000000000000000000000000000000000000000000000000000010100000000
00000000000000000000000000000000000000000000000000000000000000000000000000000000000000000000000000000000000000000000000000000000000000000001000000000110000000000000000000000000000001110011110100000011000000100000000000000000000000000000000000000000000000000000000000000000000000000000000000000000000000000000010000000000
00000000000000000000000000000000000000000000000000000000000000000000000000000000000000000000000000000000000000000000000000000000000000000000100000000010000000000000000000000000111110000000001000100001100000100000000000000000000000000000000000000000000000000000000000000000000000000000000000000000001000000000001000000000
00000000000000000000000000000000000000000000000000000000000000000000000000000000000000000000000000000000000000000000000000000000000000000000100000100011000000000000000000000111000000000000001011101110011010100000000000000000000000000000000000000000000000000000000000000000000000000000000000000000010000000000011000000000
00000000000000000000000000000000000000000000000000000000000000000000000000000000000000000000000000000000000000000000000000000000000000000000100000110001110000000000000000001100000000000000001000100100000110100000000000000000000000000000000000000000000000000000000000000000000000000000000000000000100000000011101000000000
00000000000000000000000000000000000000000000000000000000000000000000000000000000000000000000000000000000000000000000000000000000000000000000100000011000011110000000000000010010000000000000001000010111000000000000000000000000000000000000000000000000000000000000000000000000000000000000000000000000100000000010001000000000
00000000000000000000000000000000000000000000000000000000000000000000000000000000000000000000000000000000000000000000000000000000000000000000100000010000000011000000000000010100000000000000001000001001100000000000000000000000000000000000000000000000000000000000000000000000000000000000000000000001100000000010001000000000
00000000000000000000000000000000000000000000000000000000000000000000000000000000000000000000000000000000000000000000000000000000000000000000010000011000000001110000000000011000000000000000000100000000100000000000000000000000000000000000000000000000000000000000000000000000000000000000000000000001000000000001001000000000
00000000000000000000000000000000000000000000000000000000000000000000000000000000000000000000000000000000000000000000000000000000000000000000100000010000000000011110000001110000000000000000001000110000110000000000000000000000000001100000000000000000000000000000000000000000000000000000000000000000111000000001001000000000
00000000000000000000000000000000000000000000000000000000000000000000000000000000000000000000000000000000000000000000000000000000000000000000010000010011110000000011000010000000000000000000001111000000010000000000000000000000000000100000000000000000000000000000000000000000000000000000000000000000010110000001000101000000
00000000000000000000000000000000000000000000000000000000000000000000000000000000000000000000000000000000000000000000000000000000000000000000010000001100100000000001110000000000000000000000000000000000011000000000000000000000000000111100000000000000000000000000000000000000000000000000000000000000000011110001000101000000
00000000000000000000000000000000000000000000000000000000000000000000000000000000000000000000000000000000000000000000000000000000000000000000010000011000100000000000011111111000000000000000000111111000001100000000000000000000000000000110000001000000000000000000000000000000000000000000000000000000111100000001100101000000
00000000000000000000000000000000000000000000000000000000000000000000000000000000000000000000000000000000000000000000000000000000000000000000011100010000010000000000000000011111111111111111111000000000000100000000000000000000000000000011110000100000000000000110000000000001100000000000000000000000001000000000110101000000
00000000000000000000000000000000000000000000000000000000000000000000000000000000000000000000000000000000000000000000000000000000000000000000100000011000111111000000000000000000000000000000000000010000000010000000000000000000000000000000011100100000000000000100000000000011010000000000000000000000001000000100001101000000
00000000000000000000000000000000000000000000000000000000000000000000000000000000000000000000000000000000000000000000000000000000000000000000100110000001000001000000000000000000000000000000000000010000000100000000000000000000000000000000000111110000000000000100000000000100000000000000000000000000000111111100000101000000
00000000000000000000000000000000000000000000000000000000000000000000000000000000000000000000000000000000000000000000000000000000000000000000001100000001000011100000000000000000000000000000000000010000000100000000000000000000000000000000000000011000000000011111110000011000000000000000000000000000000100000000000101000000
00000000000000000000000000000000000000000000000000000000000000000000000000000000000000000000000000000000000000000000000000000000000000000000010000000001000100011111100000000000000000000000000000010000000100000000000000000000000000000000000000001000000000000000001110010011111111000000000000000000001000010000000101000000
00000000000000000000000000000000000000000000000000000000000000000000000000000000000000000000000000000000000000000000000000000000000000000000010000000001011000110000110000000000000000000000000000110000100100000000000000000000000000000000000000001110000000000000000001110000100010000000000000000000001000010000000101000000
00000000000000000000000000000000000000000000000000000000000000000000000000000000000000000000000000000000000000000000000000000000000000000000010000000000010001100000001111000000000000000000111111100111011100000000000000000000000000000000000000000011000000000000000000100110000010000000000000000000001000010000000100100000
00000000000000000000000000000000000000000000000000000000000000000000000000000000000000000000000000000000000000000000000000000000000000000000010000000000100010001100110001111111111111111111000000000100000000000000000000000000000000000000000000000001110000011110000000000010000110000000000000000100001000010000000100100000
00000000000000000000000000000000000000000000000000000000000000000000000000000000000000000000000000000000000000000000000000000000000000000000010000000000000110010000100000000000000000000000000100001000000000000000000000000000000000000000000000000000011000100011110000000111111100000000000000000100010111111000000010100000
00000000000000000000000000000000000000000000000000000000000000000000000000000000000000000000000000000000000000000000000000000000000000000000010000000000011100010101000111110000000000000100001000011000000000000000000000000000000000000000000000000000001100000000011110000010001000000000000000001000100010000000000010100000
00000000000000000000000000000000000000000000000000000000000000000000000000000000000000000000000000000000000000000000000000000000000000000000100000000000010000110010000100001000000000000100010000110000000000000000000000000000000000000000000000000000000100000000010000011111000000000000000000000110000000000000000010100000
00000000000000000000000000000000000000000000000000000000000000000000000000000000000000000000000000000000000000000000000000000000000000000000100000000000010000100010001101101000000000000100101111100000000000000000000000000000000000000000000000000000000000000011110000010000011000000000000000000011000000000000000000100000
00000000000000000000000000000000000000000000000000000000000000000000000000000000000000000000000000000000000000000000000000000000000000000000010000000000110001100100001000011001000000001110000001000000000000000000000000000000000000000000000000000000000000000110100000100010000110000000000000000101100000000000000010100000
00000000000000000000000000000000000000000000000000000000000000000000000000000000000000000000000000000000000000000000000000000000000000000000011100000000010011001100000000000010000000001000001111000000000000000000000000000000000000000000000000000000000000000100011011100111110011000000000000000000100000000000000010100000
00000000000000000000000000000000000000000000000000000000000000000000000000000000000000000000000000000000000000000000000000000000000000000000010010000000010010011000000000001110000000001001110001111000000000000000000000000000000000000000000000000000000000000001101100000000001001100000000000000000100000000000000010010000
00000000000000000000000000000000000000000000000000000000000000000000000000000000000000000000000000000000000000000000000000000000000000000000100110000000010010010000000001000000000000111010000000001111000000000000000000000000000000000000000000000000000000000001000111100011100100100000000000000000101111000000000010110000
00000000000000000000000000000000000000000000000000000000000000000000000000000000000000000000000000000000000000000000000000000000000000000000001100000000010111010011000000001110000001100000000000000001111000000000000000000000000000000000000000000000000000000011000000011010000011100000000000000000011000000000000001010000
00000000000000000000000000000000000000000000000000000000000000000000000000000000000000000000000000000000000000000000000000000000000000000000001000000000010000111100000000110000000011000000000000000000001000000000000000000000000000000000000000000000000000000000100000000110000000000000000000000000100000000000000001010000
00000000000000000000000000000000000000000000000000000000000000000000000000000000000000000000000000000000000000000000000000000000000000000000001000000000010000001001000000101001111100000000000000000000001000000000000000000000000000000000000000000000000000000000100000000000000000000000000000000000100000000000000001010000
00000000000000000000000000000000000000000000000000000000000000000000000000000000000000000000000000000000000000000000000000000000000000000000001000000000010000000011010100001000000001000000000000000000001000000000000000000000000000000000000000000000000000000000110000000000000000000000000000000000110100000000000001110000
00000000000000000000000000000000000000000000000000000000000000000000000000000000000000000000000000000000000000000000000000000000000000000000001000000000000000010000101011100000110011000000000000000000010000000000000000000000000000000000000000000000000000000000011000000000000000000000000000000000011100000010000000010000
00000000000000000000000000000000000000000000000000000000000000000000000000000000000000000000000000000000000000000000000000000000000000000000001000000000000000010000000000011111000110000000000000000000010000000000000000000000000000000000000000000000000000000000001100000000000000000000000000000011100000000010110000001111
00000000000000000000000000000000000000000000000000000000000000000000000000000000000000000000000000000000000000000000000000000000000000000000001000000000000000110001101111110001000100000000000000000000100000000000000000000000000000000000000000000000000000000000000000000000000000000000000000000010000000011111010000001000
00000000000000000000000000000000000000000000000000000000000000000000000000000000000000000000000000000000000000000000000000000000000000000000001000000000000000010000011000000100101000000000000000000000100000000000000000000000000000000000000000000000000000000000000000000000000000000000000000001111000000010000001000001111
00000000000000000000000000000000000000000000000000000000000000000000000000000000000000000000000000000000000000000000000000000000000000000000000100000000000000010000000011100000111000000000000000000001000000000000000000000000000000000000000000000000000000000000000000000000000000000000000000011000000000010000001000001000
00000000000000000000000000000000000000000000000000000000000000000000000000000000000000000000000000000000000000000000000000000000000000000000000100000000000000110001100000101101000000000000000011111101000000000000000000000000000000000000000000000000000000000000000000000000000000000000000000110000000000011000001000001000
00000000000000000000000000000000000000000000000000000000000000000000000000000000000000000000000000000000000000000000000000000000000000000000000010000000000001101011011111100000000000011110001100000011000000000000001100000000000000000000000000000000000000000000000000000000000000000000000001100000000000001000000100001000
00000000000000000000000000000000000000000000000000000000000000000000000000000000000000000000000000000000000000000000000000000000000000000000000010000000000001001010010000011000000000110000011001100010000000000011110011000000000000000000000000000000000000000000000000000000000000000000011110010000000000001000000100001000
00000000000000000000000000000000000000000000000000000000000000000000000000000000000000000000000000000000000000000000000111110000000000000000000101100000000011000110011000001000000001100000010010000110000111100110000000100000000000000000000000000000000000000000000000000000000000000000010100011000001100001000000110000100
00000000000000000000000000000000000000000000000000000000000000000000000000000000000000000000000000000000000000000000001100001110000000000000000100100000000110001100001000011000000111000000010011111100011100100100011100000000000000000000000000000000000000000000000000000000000000000001110010001100001000001000000010000100
00000000000000000000000000000000000000000000000000000000000000000000000000000000000000000000000000000000000000000000011000000001100000000000000100100000000010011010011000110001111000000000010110000000110000100100100010000001000000000000000000000000000011000000000000000000000000000001000001010110011110001000000000000100
00000000000000000000000000000000000000000000000000000000000000000000000000000000000000000000000000000000000000000000110000000000110000000000000010100000000100100100110011100011000000000000010000010001100000110010010010000011000000000000000000000000000010000000000000000000000000000001000000100000110010001000000000010100
00000000000000000000000000000000000000000000000000000000000000000000000000000000000000000000000000000000000000000001100000000000011111110100000000100000001100010000001110000110000000000000001000110011000000100010110010000100000000000000000000000000000100000001010000000000000000000001000000000001100110001000000000010100
00000000000000000000000000000000000000000000000000000000000000000000000000000000000000000000000000000000000000000111000000000000001000011000000000110000001000010000000001001100000000000000001001100110000000010011100011000010000000000000000000000000000100011101110000000000000000000010000000000000101101001100000000010101
00000000000000000000000000000000000000000000000000000000000000000000000000000000000000000000000000000000000000001100100000000000001000000000000000010000110000001000000011001010110000000000000011001100000000010000000000001100000000000000000000000000000101100011000000000000000000000110000000000000111001100110000000010110
00000000000000000000000000000000000000000000000000000000000000000000000000000000000000000000000000000000000000011000100000000000000100000000000000010001101000010100000100000000100000000000000110011000000000011000000001111000000000000000000000000000000110000000000000000000000000000100000000000000101001001011100000010010
00000000000000000000000000000000000000000000000000000000000000000000000000000000000000000000000000000000000000010011000000000000000110000000000000011101000100001000110100000011011000000000000100111000000000001000010111000100000000000000000000000000000010000000000000000000000000000100000000000000000000010100000000010111
00000000000000000000000000000000000000000000000000000000000000000000000000000000000000000000000000000000000000110110000000000000000011000000000000010010011000000100001100001110010000000000001001001000000000110000001100000110000000000000000000000000000010000000000000000000000000000100000000000000000111010010100000011100
00000000000000000000000000000000000000000000000000000000000000000000000000000000000000000000000000000000000001100100000000000000000001000000000000000010000000001111111000011000100000000000010000001000000011000100000100000111000000000000000000000000000001100000000000000000000000000100000000000000000100100010100110000011
00000000000000000000000000000000000000000000000000000000000000000000000000000000000000000000000000000000000001000100000000000000000001000000000000000010000000011000000000110001100000000000110001101100001100000100111100000100000000000000000000000000000010100000000000000000000000000110000000000000111010110000011000000010
00000000000000000000000000000000000000000000000000000000000000000000000000000000000000000000000000000000000000111000000000000000000010000000000000000010000000101100000001100011000000000001101011000110011001100110000100011000000000000000000000000000000010000000000000000000000000000011000000000000100011100111001000000010
00000000000000000000000000000000000000000000000000000000000000000000000000000000000000000000000000000000000011100000000000000000000010000000000000000101100001000111100011000110000000000001001110000010011010000010000100001100000000000000000000000000000110000000011100000000000000011001000000000000100000101001000100000011
00000000000000000000000000000000000000000000000000000000000000000000000000000000000000000000000000000000000010000000000000000000000110000000010000000100100001000000100110001100000000000011000100000100000001000110000110000010000000000000000000000000011100000000000110000000000000110001100000000011101000101001100010000010
00000000000000000000000000000000000000000000000000000000000000000000000000000000000000000000000000000000000010000000000000000000000100011000010000001101100001000000100100001000000000000110001100001101010110011001000011100011000000000000111111100000010000000000000011000000000001000100110000000000101000101100111001000010
00000000000000000000000000000000000000000000000000000000000000000000000000000000000000000000000000000000000010000000000000000000000100110000011100111000000001000000000100001000000000000000001000000001001101100000000000111001100000000000000001011110010000000000000001100100000000001000010000000000111001110010001001000010
00000000000000000000000000000000000000000000000000000000000000000000000000000000000000000000000000000000000100000000000000000000000111000000000101100000000000100000001000011100000001111100010000001001001000101111000000001100011000000000000111000011111111111110000000111000000000111111010000000000000011011010000000100000
00000000000000000000000000000000000000000000000000000000000000000000000000000000000000000000000000000000001000000000000000000000000100000000000010000000000011000000011000000111000110000000110000001100010000011001000000000110000000000000000001110000000000000011111000000000000011101100011000000000000010001000000100011111
00000000000000000000000000000000000000000000000000000000000000000000000000000000000000000000000000000000001000000000000000000000000100000000000001000000011110000001110000000001111000010001100000000100010001000011000000000100000000000000000000000000000000000000000000000000000010000100001100000000000011000000000110001000
00000000000000000000000000000000000000000000000000000000000000000000000000000000000000000000000000000000001000000000000000000000000010000000000001000001110000000011000000000000000000100111011000001100101011011110000000000100000000000000000000000000000000000000000000000000000110000110000100000000000010100000000001110000
00000000000000000000000000000000000000000000000000000000000000000000000000000000000000000000000000000000000100000000000000000000000010000000000000100001000000000100000000000000000000111010001111111000101100001000000000000010000000000000000000000000000000000000000000000000000101000000111100000000000010101111111000011000
00000000000000000000000000000000000000000000000000000000000000000000000000000000000000000000000000000000000100000000000000000000000010000000000001000000000000000100000000000000000000000001000000000000110001111111000000000010000010000000000000000000000000000000000000000000001101001111000100000000000010101001001000001101
00000000000000000000000000000000000000000000000000000000000000000000000000000000000000000000000000000000000100000000000000000000000010000000000001000000000000001000000000000000000010011000001100000000000110000000000000000010000010000000000000000000000000000000000000000000011001000100000010000000000000000101111000000010
00000000000000000000000000000000000000000000000000000000000000000000000000000000000000000000000000000000000010000000000000000000000110000000000001000000000000011000000000000000000111100011110000000000001100001111000000000010000010000000000000000000000000000000000000000000110001001000000010000000000000000000000000101010
00000000000000000000000000000000000000000000000000000000000000000000000000000000000000000000000000000000000011000000000000000000000100000000000001100000000000010011111100000000000100101110000000000000011001101000000000000110000001000000000000000000000000000000000000000001100000101000000010000000000000000000000111011110
00000000000000000000000000000000000000000000000000000000000000000000000000000000000000000000000000000000000100000000000000000000000000000000000000110000000000010010000011000000000100011001000000000000110011001110000000001100000001000000000000000000000000000000000000000001000001001000000010110101000000000000001100010010
00000000000000000000000000000000000000000000000000000000000000000000000000000000000000000000000000000000000100000000000000000000000000000000000000011000000000100100000001110000001001001001000000000011100110001100111000111000000001000000000000000000000000000000000000000011001001001000000010001011111000000000001000010010
00000000000000000000000000000000000000000000000000000000000000000000000000000000000000000000000000000000000100000000000000000000000000000000001110001000000000100100000000010000001010101011000000000000000100000100100100010100000000100000000000000000000000000000000000000110100111000000000011100001000110000000000001110010
00000000000000000000000000000000000000000000000000000000000000000000000000000000000000000000000000000000000010000000000000000000000000000000011000000100000000100100000000011001110000101100000000000011110101000010100100100010010000100000000000000000000000000000000000011100010000011100000000110000000101100000000011010010
00000000000000000000000000000000000000000000000000000000000000000000000000000000000000000000000000000000000010000000000000000000000000000000010000000100000000101111100000001010001001000000000000000000000011011011001000100001111100100000000000000000000000000000000000110000011100000111000010011000001000011100000000010010
00000000000000000000000000000000000000000000000000000000000000000000000000000000000000000000000000000000000000000000000000000000000000000000110000001000000001101000000000001000011101000000000000000001100110010001011000100000000110010000000000000000000000000000000000100000000000000001000001101110000000010111111000111010
00000000000000000000000000000000000000000000000000000000000000000000000000000000000000000000000000000000000000000000000000000000000000000000110000011000000001001000000000010000100010000000000000000001010100100101110000100000000000101000000000000000000000000000000001100000000000000001100000000000000000010100001111000111
00000000000000000000000000000000000000000000000000000000000000000000000000000000000000000000000000000000000000000000000000000000000000000000010100010000000001001000000000011100100110000000000000011010011001001001010000100000001100100000000000000000000000000000000011000000000000000000110111100011000000010010000100000010
00000000000000000000000000000000000000000000000000000000000000000000000000000000000000000000000000000000000000000000000000000000000000000000010011110000000001010000000000000001000100000000000000010001001010010001001000100000010111000000000000001000000000000000001110000000000000000000011000011000111110010000011110000010
00000000000000000000000000000000000000000000000000000000000000000000000000000000000000000000000000000000000000000000000000000000000000000000010110000000000011010000000000011011000011000000000000100110101000100001001000110000000001100000000000001100000000000000111000001000000000011110001000001000000000111100001000001001
00000000000000000000000000000000000000000000000000000000000000000000000000000000000000000000000000000000000000000000000000000000000000000000001000000000000110011000000000000110011001100000000000101100110011000001000100100000000000011010000000000100000000000001100000011000000111101000100000110110011101000111000000110100
00000000000000000000000000000000000000000000000000000000000000000000000000000000000000000000000000000000000000000000000000000000000000000000001000000000000010001000000000000100010000100000000001001000000010000011000100100000000010001100000000001111000000001111000000010000111100000001000010000010110001000011111100100001
00000000000000000000000000000000000000000000000000000000000000000000000000000000000000000000000000000000000000000000000000000000000000000000001000000000000011001100000000011000010100100000000001001011100010001000010100111000100001110110000000001010111111110000000000100001100000001001010011100000110001100000100111001110
00000000000000000000000000000000000000000000000000000000000000000000000000000000000000000000000000000000000000000000000000000000000000000000001000000000000000110101000000010000010011100000000001001100000010010001111110001111110000010010000000000000000000000000000000100011000000001001010000110000000010100001001001101000
00000000000000000000000000000000000000000000000000000000000000000000000000000000000000000000000000000000000000000000000000000000000000000000001000000000000001100001000001110111110000000000000110000000110010010010000011100000001000001010000000000000000000000000000000100110000000001010010100100000010010110001001000110000
00000000000000000000000000000000000000000000000000000000000000000000000000000000000000000000000000000000000000000000000000000000000000000000001000000000000001000110000111000100000000000000001100000111100110010000111000100111000100111010000000000000000000000000000000101000000000001010100100100000010010010001000100001110
00000000000000000000000000000000000000000000000000000000000000000000000000000000000000000000000000000000000000000000000000000000000000000000001000000000000001000100000100011111100000000000111000111100010010011111000110100100100011000010000000000000000000000000000000011000000000001010001000010100010001010001000000000011
00000000000000000000000000000000000000000000000000000000000000000000000000000000000000000000000000000000000000000000000000000000000000000000001000000000000010000100001100100000100000000001100101100000100111000010000011100010100110000110000000000000000000000000000000010000000000001011011001000111010000010001111111111000
00000000000000000000000000000000000000000000000000000000000000000000000000000000000000000000000000000000000000000000000000000000000000000000001000000000000010000100011000000000100000001110001101000000100001110000000010001010010100000100000000000000000000000000000000010000000000001000010001110000010000110000000010000011
00000000000000000000000000000000000000000000000000000000000000000000000000000000000000000000000000000000000000000000000000000000000000000000001000010000000010000100110011100111100000011000000101000001101100000000000001110111110100001000000000000000000000000110000000110000000000001100110011001111001011000000011010110011
00000000000000000000000000000000000000000000000000000000000000000000000000000000000000000000000000000000000000000000000000000000000000000000000101100000000100000101000110100100000000110000001001000001000100000000000000011000000100001000000000000000000000000010000000100000000000000011100010101000000110101000000111100001
00000000000000000000000000000000000000000000000000000000000000000000000000000000000000000000000000000000000000000000000000000000000000000000000100111110000100000101011000100100000000100000001001000001000100000000000000001001000100001100000000000000000000000010000000000000000000000000000100000101101100010010101001001110
00000000000000000000000000000000000000000000000000000000000000000000000000000000000000000000000000000000000000000000000000000000000000000000001000000011000100000100010001101001100001000000001001000001001110100000000000110011000010000110000000000000000000000011000001111111111111111000000010110100011011100001101011000100
00000000000000000000000000000000000000000000000000000000000000000000000000000000000000000000000000000000000000000000000000000000000000000000001000000001000010000000010011001010100011000000001010000001000011100000000000011110000011100011000000000000000000000000111110000000000000000111000011000100010000000000110000000010
00000000000000000000000000000000000000000000000000000000000000000000000000000000000000000000000000000000000000000000000000000000000000000000001000000001000010000000010110010100110110000000001010000001000001000000000000000000000000100001100000000000000000000000010000000000000000000001111001111000010000000000010000000000
